gross <- c(381, 1340, 318, 975, 396, 960, 292, 940, 302, 934, 290, 897, 262, 879, 249, 797)
hp.mat <- matrix(gross, nrow = 8, byrow = T)
hp.mat

hp.mat[6,2]
hp.mat[6]
hp.mat[6, ]
hp.mat[ ,2]
